324 10 31 2013
261 11 01 2013
143 11 02 2013
144 11 03 2013
702 11 04 2013
155 11 05 2013
405 11 06 2013
984 11 07 2013
080 11 08 2013
653 11 09 2013
266 11 10 2013
505 11 11 2013
382 11 12 2013
442 11 13 2013
651 11 14 2013
860 11 15 2013
811 11 16 2013
379 11 17 2013
446 11 18 2013
160 11 19 2013
049 11 20 2013
233 11 21 2013
707 11 22 2013
176 11 23 2013
322 11 24 2013
463 11 25 2013
034 11 26 2013
760 11 27 2013
273 11 28 2013
560 11 29 2013
020 11 30 2013
167 12 01 2013
423 12 02 2013
301 12 03 2013
756 12 04 2013
906 12 05 2013
235 12 06 2013
813 12 07 2013
512 12 08 2013
939 12 09 2013
986 12 10 2013
520 12 11 2013
652 12 12 2013
066 12 13 2013
288 12 14 2013
847 12 15 2013
302 12 16 2013
481 12 17 2013
094 12 18 2013
733 12 19 2013
325 12 20 2013
970 12 21 2013
140 12 22 2013
133 12 23 2013
491 12 24 2013
453 12 25 2013
066 12 26 2013
316 12 27 2013
715 12 28 2013
398 12 29 2013
277 12 30 2013
414 12 31 2013
883 01 01 2014
713 01 02 2014
250 01 03 2014
608 01 04 2014
036 01 05 2014
715 01 06 2014
195 01 07 2014
725 01 08 2014
613 01 09 2014
371 01 10 2014
921 01 11 2014
491 01 12 2014
527 01 13 2014
563 01 14 2014
291 01 15 2014
381 01 16 2014
249 01 17 2014
738 01 18 2014
753 01 19 2014
562 01 20 2014
520 01 21 2014
548 01 22 2014
193 01 23 2014
578 01 24 2014
804 01 25 2014
063 01 26 2014
831 01 27 2014
519 01 28 2014
791 01 29 2014
452 01 30 2014
981 01 31 2014
661 02 01 2014
430 02 02 2014
593 02 03 2014
547 02 04 2014
772 02 05 2014
796 02 06 2014
630 02 07 2014
005 02 08 2014
650 02 09 2014
933 02 10 2014
825 02 11 2014
852 02 12 2014
243 02 13 2014
059 02 14 2014
637 02 15 2014
772 02 16 2014
778 02 17 2014
115 02 18 2014
419 02 19 2014
119 02 20 2014
603 02 21 2014
334 02 22 2014
330 02 23 2014
064 02 24 2014
053 02 25 2014
800 02 26 2014
991 02 27 2014
670 02 28 2014
392 03 01 2014
858 03 02 2014
136 03 03 2014
137 03 04 2014
321 03 05 2014
817 03 06 2014
843 03 07 2014
728 03 08 2014
833 03 09 2014
597 03 10 2014
169 03 11 2014
764 03 12 2014
597 03 13 2014
182 03 14 2014
554 03 15 2014
486 03 16 2014
966 03 17 2014
023 03 18 2014
392 03 19 2014
641 03 20 2014
781 03 21 2014
710 03 22 2014
530 03 23 2014
763 03 24 2014
755 03 25 2014
294 03 26 2014
497 03 27 2014
508 03 28 2014
396 03 29 2014
101 03 30 2014
364 03 31 2014
471 04 01 2014
565 04 02 2014
079 04 03 2014
465 04 04 2014
060 04 05 2014
587 04 06 2014
427 04 07 2014
153 04 08 2014
648 04 09 2014
433 04 10 2014
534 04 11 2014
587 04 12 2014
028 04 13 2014
866 04 14 2014
373 04 15 2014
784 04 16 2014
835 04 17 2014
160 04 18 2014
919 04 19 2014
239 04 20 2014
528 04 21 2014
159 04 22 2014
560 04 23 2014
001 04 24 2014
700 04 25 2014
870 04 26 2014
133 04 27 2014
604 04 28 2014
086 04 29 2014
767 04 30 2014
764 05 01 2014
873 05 02 2014
204 05 03 2014
502 05 04 2014
494 05 05 2014
016 05 06 2014
993 05 07 2014
078 05 08 2014
467 05 09 2014
188 05 10 2014
347 05 11 2014
361 05 12 2014
503 05 13 2014
096 05 14 2014
470 05 15 2014
583 05 16 2014
531 05 17 2014
395 05 18 2014
834 05 19 2014
104 05 20 2014
628 05 21 2014
188 05 22 2014
969 05 23 2014
650 05 24 2014
318 05 25 2014
243 05 26 2014
193 05 27 2014
283 05 28 2014
424 05 29 2014
518 05 30 2014
505 05 31 2014
267 06 01 2014
821 06 02 2014
953 06 03 2014
623 06 04 2014
508 06 05 2014
383 06 06 2014
027 06 07 2014
118 06 08 2014
296 06 09 2014
500 06 10 2014
415 06 11 2014
726 06 12 2014
314 06 13 2014
120 06 14 2014
045 06 15 2014
921 06 16 2014
761 06 17 2014
125 06 18 2014
472 06 19 2014
218 06 20 2014
525 06 21 2014
759 06 22 2014
868 06 23 2014
869 06 24 2014
878 06 25 2014
939 06 26 2014
171 06 27 2014
690 06 28 2014
836 06 29 2014
690 06 30 2014
449 07 01 2014
275 07 02 2014
920 07 03 2014
708 07 04 2014
005 07 05 2014
636 07 06 2014
276 07 07 2014
898 07 08 2014
533 07 09 2014
652 07 10 2014
017 07 11 2014
256 07 12 2014
969 07 13 2014
744 07 14 2014
319 07 15 2014
836 07 16 2014
780 07 17 2014
402 07 18 2014
343 07 19 2014
107 07 20 2014
958 07 21 2014
564 07 22 2014
760 07 23 2014
333 07 24 2014
872 07 25 2014
377 07 26 2014
128 07 27 2014
848 07 28 2014
911 07 29 2014
802 07 30 2014
240 07 31 2014
490 08 01 2014
002 08 02 2014
826 08 03 2014
378 08 04 2014
966 08 05 2014
771 08 06 2014
419 08 07 2014
774 08 08 2014
867 08 09 2014
561 08 10 2014
010 08 11 2014
565 08 12 2014
790 08 13 2014
184 08 14 2014
218 08 15 2014
402 08 16 2014
753 08 17 2014
382 08 18 2014
713 08 19 2014
862 08 20 2014
855 08 21 2014
352 08 22 2014
372 08 23 2014
195 08 24 2014
198 08 25 2014
624 08 26 2014
792 08 27 2014
930 08 28 2014
539 08 29 2014
126 08 30 2014
478 08 31 2014
206 09 01 2014
467 09 02 2014
286 09 03 2014
276 09 04 2014
783 09 05 2014
534 09 06 2014
835 09 07 2014
517 09 08 2014
468 09 09 2014
697 09 10 2014
485 09 11 2014
296 09 12 2014
257 09 13 2014
903 09 14 2014
012 09 15 2014
347 09 16 2014
452 09 17 2014
820 09 18 2014
659 09 19 2014
388 09 20 2014
909 09 21 2014
621 09 22 2014
264 09 23 2014
639 09 24 2014
320 09 25 2014
453 09 26 2014
114 09 27 2014
072 09 28 2014
981 09 29 2014
593 09 30 2014
785 10 01 2014
355 10 02 2014
218 10 03 2014
888 10 04 2014
579 10 05 2014
047 10 06 2014
651 10 07 2014
013 10 08 2014
640 10 09 2014
520 10 10 2014
398 10 11 2014
307 10 12 2014
444 10 13 2014
811 10 14 2014
201 10 15 2014
120 10 16 2014
370 10 17 2014
921 10 18 2014
284 10 19 2014
860 10 20 2014
250 10 21 2014
332 10 22 2014
005 10 23 2014
979 10 24 2014
742 10 25 2014
409 10 26 2014
703 10 27 2014
791 10 28 2014
064 10 29 2014
739324 10 30 2014
